<?xml version="1.0"?>
<opencv_storage>
<VDisandPointslist><_>
    <Vectorname>guide1</Vectorname>
    <points>
      <_>
        <distance>0.</distance>
        <x>1022</x>
        <y>930</y></_>
      <_>
        <distance>6.0000002384185791e-001</distance>
        <x>1016</x>
        <y>885</y></_>
      <_>
        <distance>1.2000000476837158e+000</distance>
        <x>1010</x>
        <y>848</y></_>
      <_>
        <distance>1.7999999523162842e+000</distance>
        <x>1000</x>
        <y>810</y></_>
      <_>
        <distance>2.4000000953674316e+000</distance>
        <x>1001</x>
        <y>782</y></_>
      <_>
        <distance>3.</distance>
        <x>992</x>
        <y>757</y></_>
      <_>
        <distance>3.5999999046325684e+000</distance>
        <x>987</x>
        <y>731</y></_>
      <_>
        <distance>4.1999998092651367e+000</distance>
        <x>983</x>
        <y>711</y></_>
      <_>
        <distance>4.8000001907348633e+000</distance>
        <x>984</x>
        <y>690</y></_>
      <_>
        <distance>5.4000000953674316e+000</distance>
        <x>980</x>
        <y>673</y></_>
      <_>
        <distance>6.</distance>
        <x>974</x>
        <y>659</y></_>
      <_>
        <distance>7.1999998092651367e+000</distance>
        <x>968</x>
        <y>628</y></_>
      <_>
        <distance>8.3999996185302734e+000</distance>
        <x>967</x>
        <y>605</y></_>
      <_>
        <distance>9.6000003814697266e+000</distance>
        <x>961</x>
        <y>583</y></_>
      <_>
        <distance>1.0800000190734863e+001</distance>
        <x>959</x>
        <y>567</y></_>
      <_>
        <distance>12.</distance>
        <x>958</x>
        <y>553</y></_>
      <_>
        <distance>1.3199999809265137e+001</distance>
        <x>957</x>
        <y>541</y></_>
      <_>
        <distance>1.4399999618530273e+001</distance>
        <x>955</x>
        <y>528</y></_>
      <_>
        <distance>1.5600000381469727e+001</distance>
        <x>951</x>
        <y>516</y></_>
      <_>
        <distance>1.6799999237060547e+001</distance>
        <x>949</x>
        <y>505</y></_>
      <_>
        <distance>18.</distance>
        <x>950</x>
        <y>492</y></_>
      <_>
        <distance>1.9200000762939453e+001</distance>
        <x>946</x>
        <y>482</y></_>
      <_>
        <distance>2.0399999618530273e+001</distance>
        <x>944</x>
        <y>471</y></_>
      <_>
        <distance>2.1600000381469727e+001</distance>
        <x>942</x>
        <y>460</y></_>
      <_>
        <distance>2.2799999237060547e+001</distance>
        <x>942</x>
        <y>449</y></_></points></_>
  <_>
    <Vectorname>guide2</Vectorname>
    <points>
      <_>
        <distance>20.</distance>
        <x>964</x>
        <y>924</y></_>
      <_>
        <distance>40.</distance>
        <x>970</x>
        <y>858</y></_></points></_></VDisandPointslist>
<Vstringslist><_>
    <Vectorname>PlaneType21</Vectorname>
    <strings>
      <_>
        <stringname>guide2</stringname></_>
      <_>
        <stringname>stop1</stringname></_>
      <_>
        <stringname>B737</stringname></_>
      <_>
        <stringname>B747</stringname></_></strings></_>
  <_>
    <Vectorname>PlaneType11</Vectorname>
    <strings>
      <_>
        <stringname>guide1</stringname></_>
      <_>
        <stringname>stop1</stringname></_>
      <_>
        <stringname>A320</stringname></_>
      <_>
        <stringname>A319</stringname></_></strings></_>
  <_>
    <Vectorname>PlaneType12</Vectorname>
    <strings>
      <_>
        <stringname>guide1</stringname></_>
      <_>
        <stringname>stop2</stringname></_>
      <_>
        <stringname>A380</stringname></_>
      <_>
        <stringname>B747</stringname></_></strings></_></Vstringslist>
<Vpointslist></Vpointslist>
<alonexlist><_>
    <name>low</name>
    <x>70.</x></_>
  <_>
    <name>high</name>
    <x>130.</x></_>
  <_>
    <name>BlackestJudgeStart</name>
    <x>7.9999998211860657e-002</x></_>
  <_>
    <name>BlackestJudgeStep</name>
    <x>3.9999999105930328e-002</x></_>
  <_>
    <name>CircleJudgeStart</name>
    <x>1.2000000476837158e+000</x></_>
  <_>
    <name>CircleJudgeStep</name>
    <x>2.0000000298023224e-001</x></_>
  <_>
    <name>maxIterTimes</name>
    <x>4.</x></_>
  <_>
    <name>MinEngineRadius</name>
    <x>5.</x></_>
  <_>
    <name>MinEnginePerimeter</name>
    <x>50.</x></_>
  <_>
    <name>MinTemplateScale</name>
    <x>3.0000001192092896e-001</x></_>
  <_>
    <name>MaxTemplateScale</name>
    <x>2.</x></_>
  <_>
    <name>MinMatchRate</name>
    <x>4.4999998807907104e-001</x></_>
  <_>
    <name>WheelDetectParamX</name>
    <x>4.</x></_>
  <_>
    <name>WheelDetectParamY</name>
    <x>4.</x></_>
  <_>
    <name>WheelRectHeight</name>
    <x>4.</x></_>
  <_>
    <name>CutDownThresh</name>
    <x>5.0000000000000000e-001</x></_>
  <_>
    <name>OriginalScale</name>
    <x>1.</x></_>
  <_>
    <name>MaxOffset</name>
    <x>4.5000000000000000e+000</x></_>
  <_>
    <name>object_dis</name>
    <x>20000.</x></_>
  <_>
    <name>install_high</name>
    <x>5322.</x></_>
  <_>
    <name>guide_line_y</name>
    <x>12081.</x></_>
  <_>
    <name>guide_line_x</name>
    <x>510.</x></_>
  <_>
    <name>guide_line_k</name>
    <x>-1.2304200172424316e+001</x></_>
  <_>
    <name>guide_line_b</name>
    <x>18347.</x></_>
  <_>
    <name>StationNum</name>
    <x>12.</x></_>
  <_>
    <name>PlacementNum</name>
    <x>23.</x></_>
  <_>
    <name>stopdistance</name>
    <x>25.</x></_>
  <_>
    <name>toofardistance</name>
    <x>44.</x></_>
  <_>
    <name>speed</name>
    <x>11.</x></_>
  <_>
    <name>pctime</name>
    <x>53.</x></_>
  <_>
    <name>g</name>
    <x>6.8000001907348633e+000</x></_>
  <_>
    <name>h</name>
    <x>35.</x></_>
  <_>
    <name>HrzConfirmSteps</name>
    <x>55.</x></_>
  <_>
    <name>VertConfirmSteps</name>
    <x>64.</x></_></alonexlist>
<rectlist><_>
    <name>SearchRect</name>
    <x>594</x>
    <y>238</y>
    <height>372</height>
    <width>680</width></_>
  <_>
    <name>TrackRect</name>
    <x>584</x>
    <y>230</y>
    <height>804</height>
    <width>714</width></_>
  <_>
    <name>BridgeRect</name>
    <x>1328</x>
    <y>340</y>
    <height>158</height>
    <width>178</width></_></rectlist>
<pointlist><_>
    <name>guide1_start</name>
    <x>1042</x>
    <y>398</y></_>
  <_>
    <name>guide1_end</name>
    <x>892</x>
    <y>952</y></_>
  <_>
    <name>guide1_stop1_start</name>
    <x>754</x>
    <y>958</y></_>
  <_>
    <name>guide1_stop1_end</name>
    <x>1000</x>
    <y>956</y></_></pointlist>
<laser_datas_list><_>
    <guideline_stopline_name>Laser11</guideline_stopline_name>
    <install_high>5084.</install_high>
    <object_dis>50000.</object_dis>
    <guide_line_k>2.1313400268554688e+001</guide_line_k>
    <guide_line_b>31869.</guide_line_b>
    <guide_line_x>-575.</guide_line_x>
    <guide_line_y>19593.</guide_line_y>
    <HrzConfirmSteps>40.</HrzConfirmSteps>
    <VertConfirmSteps>176.</VertConfirmSteps></_>
  <_>
    <guideline_stopline_name>Laser</guideline_stopline_name>
    <install_high>5086.</install_high>
    <object_dis>40000.</object_dis>
    <guide_line_k>0.</guide_line_k>
    <guide_line_b>0.</guide_line_b>
    <guide_line_x>0.</guide_line_x>
    <guide_line_y>0.</guide_line_y>
    <HrzConfirmSteps>80.</HrzConfirmSteps>
    <VertConfirmSteps>173.</VertConfirmSteps></_></laser_datas_list>
